Program1.cs:90
Program2.cs:12
Program3.cs:8
Program4.cs:20
Program5.cs:5
Program6.cs:0
Program7.cs:100
Program8.cs:1008.7604
Program9.cs:109038.56246
Program10.cs:108922.61646
Program11.cs:6317931.71276458
Program12.cs:1879.8507832956723
Program13.cs:0.3864500000000044
Program14.cs:1778.99
Program15.cs:2337.5508
Program16.cs:140.422
Program17.cs:1361106.5
Program18.cs:1.1278232
Program19.cs:0.38642335
Program20.cs:1
Program21.cs:1
Program22.cs:1
Program23.cs:1
Program24.cs:1
Program25.cs:1
Program26.cs:1
Program27.cs:1
Program28.cs:1
Program29.cs:1
Program30.cs:1
Program31.cs:1
Program32.cs:1
Program33.cs:1
Program34.cs:1
Program35.cs:30
Program36.cs:30.750075000000002
Program37.cs:45
Program38.cs:45
Program39.cs:45
Program40.cs:25
Program41.cs:2
Program42.cs:28
Program43.cs:6
Program44.cs:18

